제품 ID,제품 유형,기온,공정 온도,회전 속도,회전력,공구 마모 시간,고장 여부,고장 원인 : 공구 마모,고장 원인 : 열 방산,고장 원인 : 동력 이상,고장 원인 : 과부하,고장 원인 : 무작위,고장 요인 합계
M16081,M,23.850000000000023,35.150000000000034,1399,46.4,132.0,0,0,0,0,0,1,1
L48482,L,25.450000000000045,36.650000000000034,1505,45.7,144.0,0,0,0,0,0,1,1
H31162,H,25.25,34.55000000000001,1626,31.1,166.0,0,0,0,0,0,1,1
L49252,L,26.450000000000045,36.35000000000002,1570,35.5,189.0,0,0,0,0,0,1,1
L49739,L,26.150000000000034,35.85000000000002,1447,50.4,140.0,0,0,0,0,0,1,1
M17925,M,26.950000000000045,36.05000000000001,1687,27.7,95.0,0,0,0,0,0,1,1
H32866,H,28.450000000000045,37.35000000000002,1602,32.3,2.0,0,0,0,0,0,1,1
L50791,L,28.55000000000001,37.75,1405,46.4,207.0,0,0,0,0,0,1,2
L52651,L,29.55000000000001,39.150000000000034,1346,61.2,170.0,0,0,0,0,0,1,1
L52669,L,29.450000000000045,38.950000000000045,1499,35.0,215.0,0,0,0,0,0,1,1
H34909,H,29.75,39.35000000000002,1357,55.0,12.0,0,0,0,0,0,1,1
L52689,L,29.650000000000034,39.05000000000001,1509,36.5,52.0,0,0,0,0,0,1,1
L52733,L,29.350000000000023,38.75,1306,59.7,172.0,0,0,0,0,0,1,1
L52819,L,29.450000000000045,38.950000000000045,1668,28.7,180.0,0,0,0,0,0,1,1
L53271,L,27.75,37.55000000000001,1412,57.5,16.0,0,0,0,0,0,1,1
L54093,L,27.650000000000034,38.05000000000001,1481,38.5,181.0,0,0,0,0,0,1,1
L54140,L,27.55000000000001,37.85000000000002,1413,52.0,91.0,0,0,0,0,0,1,1
L54668,L,27.150000000000034,38.55000000000001,1545,43.5,160.0,0,0,0,0,0,1,1
H37282,H,27.25,38.75,1438,46.7,41.0,0,0,0,0,0,1,1
H30851,H,25.650000000000034,36.75,1439,45.2,40.0,0,0,0,0,0,1,0
M17609,M,26.55000000000001,36.05000000000001,1685,28.9,179.0,0,0,0,0,0,1,0
M18904,M,28.75,37.75,1419,47.7,20.0,0,0,0,0,0,1,0
M19544,M,30.450000000000045,38.650000000000034,1421,44.8,101.0,0,0,0,0,0,1,0
M20396,M,29.150000000000034,38.650000000000034,1363,54.0,119.0,0,0,0,0,0,1,0
L53121,L,27.450000000000045,37.55000000000001,1438,48.5,78.0,0,0,0,0,0,1,0
L53658,L,27.350000000000023,36.650000000000034,1663,29.1,145.0,0,0,0,0,0,1,0
L55686,L,25.25,36.450000000000045,1710,27.3,163.0,0,0,0,0,0,1,0
L56195,L,24.05000000000001,34.950000000000045,1431,49.7,210.0,0,0,0,0,0,1,0
